[?25l[0m [38;2;0;0;0m   [38;2;130;130;130m▁[38;2;194;194;194m▃[38;2;93;93;93m┬[0m [38;2;17;17;17m     [38;2;97;97;97m▗[38;2;205;205;205m▃[38;2;185;185;185m▂[0m [38;2;0;0;0m   [0m
 [38;2;0;0;0m [0m [38;2;218;218;218m▅[38;2;240;240;240;48;2;225;225;225m╵[0m[7m[38;2;208;208;208m▄[0m [38;2;0;0;0m       [38;2;200;200;200m▝[38;2;139;139;139;48;2;237;237;237m▖[38;2;105;105;105m▝[0m[38;2;163;163;163m▖  [0m
 [38;2;0;0;0m [38;2;16;16;16;48;2;221;221;221m▍[48;2;233;233;233m [0m[38;2;181;181;181m▘          [7m[38;2;222;222;222m▉[0m[38;2;20;20;20;48;2;233;233;233m [38;2;232;232;232;48;2;11;11;11m▊[0m[38;2;232;232;232m  [0m
 [38;2;0;0;0m [7m[38;2;194;194;194m▍[0m[38;2;233;233;233;48;2;228;228;228m▉[0m[38;2;142;142;142m▖          [38;2;235;235;235;48;2;76;76;76m▗[48;2;233;233;233m [0m[38;2;197;197;197m▋  [0m
 [38;2;0;0;0m [0m [7m[38;2;197;197;197m▄[0m[38;2;233;233;233;48;2;215;215;215m╴[0m[38;2;234;234;234m▅[38;2;232;232;232m▅[38;2;239;239;239m▅[38;2;244;244;244m▅[38;2;246;246;246m▅[38;2;245;245;245m▅[38;2;241;241;241m▅[38;2;236;236;236m▅▅[38;2;233;233;233;48;2;87;87;87m▆[38;2;234;234;234;48;2;217;217;217m┊[0m[7m[38;2;177;177;177m▄[0m [38;2;0;0;0m  [0m
 [38;2;0;0;0m   [48;2;225;225;225m▎[48;2;233;233;233m          [38;2;240;240;240;48;2;144;144;144m╴[0m[38;2;240;240;240m    [0m
 [38;2;0;0;0m   [38;2;5;5;5;48;2;229;229;229m▍[48;2;230;230;230m [38;2;25;25;25;48;2;225;225;225m▂[38;2;8;8;8;48;2;219;219;219m▂[38;2;233;233;233;48;2;225;225;225m╴[48;2;233;233;233m  [38;2;149;149;149;48;2;229;229;229m▁[38;2;26;26;26;48;2;231;231;231m▃[38;2;46;46;46;48;2;232;232;232m▃[38;2;233;233;233;48;2;227;227;227m╴[38;2;244;244;244;48;2;125;125;125m╴[0m[38;2;244;244;244m    [0m
 [38;2;0;0;0m   [7m[38;2;191;191;191m▋[0m[38;2;234;234;234;48;2;31;31;31m▌[48;2;0;0;0m  [38;2;23;23;23;48;2;226;226;226m▋[48;2;233;233;233m  [38;2;219;219;219;48;2;18;18;18m▍[48;2;0;0;0m  [38;2;17;17;17;48;2;225;225;225m▍[0m[38;2;190;190;190m▍    [0m
 [38;2;0;0;0m   [7m[38;2;29;28;29m▉[0m[38;2;101;101;108;48;2;182;182;183m▂[38;2;221;221;221;48;2;30;30;30m▅[38;2;228;228;228;48;2;17;17;17m▅[38;2;227;227;227;48;2;144;144;144m▇[48;2;233;233;233m  [38;2;233;233;233;48;2;223;223;223m╴[38;2;218;218;218;48;2;3;3;3m▆[38;2;217;217;217;48;2;20;20;20m▆[0m[7m[38;2;193;193;193m▃[0m [38;2;0;0;0m    [0m
 [38;2;0;0;0m    [7m[38;2;65;65;70m▇[38;2;93;93;101m▖[0m[38;2;61;63;72;48;2;224;224;224m▇[38;2;18;20;33;48;2;203;203;203m▆[38;2;21;24;37;48;2;226;226;226m▆[38;2;22;25;38;48;2;228;228;228m▆[38;2;29;35;47;48;2;210;210;210m▆[38;2;20;22;25;48;2;223;223;223m▇[0m[7m[38;2;65;65;65m▇[0m[38;2;0;0;0m      [0m
 [38;2;0;0;0m     [7m[38;2;50;53;62m▋[0m[38;2;38;44;54;48;2;43;49;61m╴[38;2;25;28;43;48;2;15;17;26m▌[38;2;18;22;33;48;2;32;39;53m╹[38;2;21;24;38;48;2;35;41;56m▖[38;2;34;41;54;48;2;44;51;66m╶[38;2;53;60;72;48;2;42;48;59m▉[0m[38;2;40;46;55m▖      [0m
 [38;2;0;0;0m     [38;2;13;14;18;48;2;49;56;67m▎[38;2;14;17;28;48;2;50;58;71m╱[38;2;23;27;41;48;2;35;42;56m▗[38;2;3;3;7;48;2;30;35;50m╲[38;2;33;41;56;48;2;23;27;40m▇[38;2;26;31;44;48;2;40;47;63m╶[38;2;57;65;77;48;2;51;58;71m┊[38;2;47;53;65;48;2;11;13;16m▊[0m [38;2;0;0;1m     [0m
 [38;2;0;0;0m    [7m[38;2;1;1;1m▉[0m[38;2;30;34;42;48;2;55;62;75m▎[38;2;43;50;62;48;2;52;59;72m┌[38;2;55;63;76;48;2;45;53;65m╴[38;2;33;40;56;48;2;6;7;11m▘[38;2;2;2;3;48;2;15;19;27m▇[38;2;7;8;11;48;2;35;43;58m▖[38;2;43;52;67;48;2;47;55;69m╴[38;2;48;55;67;48;2;34;38;47m▉[0m[38;2;58;58;62m▁     [0m
 [38;2;0;0;0m     [7m[38;2;29;33;40m▃[38;2;44;51;62m▄[0m[38;2;0;0;0;48;2;6;7;9m╴[0m[38;2;0;0;0m [38;2;3;3;3m╵[38;2;0;0;0;48;2;1;1;1m╴[0m[7m[38;2;30;37;50m▅[0m[38;2;11;13;16;48;2;50;57;70m▄[0m[7m[38;2;65;66;72m▆[0m [38;2;0;0;0m    [0m
 [38;2;0;0;0m                   [0m
[?25h