[?25l[0m [38;2;0;0;0m     [38;2;0;106;154m▁[38;2;66;179;227m▂[38;2;64;176;226m▃[38;2;1;66;108m▖[38;2;45;156;209m▃[38;2;137;210;242m▃[38;2;67;157;195m▃[38;2;3;110;152m▁      [0m
 [38;2;0;0;0m  [0m [38;2;0;118;181m▗[38;2;139;209;240m▆[38;2;216;239;251;48;2;52;175;228m▇[38;2;226;243;253;48;2;225;242;252m╴[38;2;211;237;251;48;2;0;164;227m▊[38;2;0;108;171;48;2;0;33;59m▍[38;2;0;130;193;48;2;199;232;249m▋[38;2;226;243;253;48;2;226;243;252m╴[48;2;225;242;252m╴[38;2;212;238;251;48;2;95;192;235m▇[0m[38;2;31;128;176m▇[38;2;0;73;120m▂[0m [38;2;0;56;81m   [0m
 [38;2;0;0;0m [38;2;71;180;227m▗[38;2;213;238;251;48;2;12;117;170m▄[38;2;81;179;224;48;2;0;66;107m▃[38;2;40;158;213;48;2;0;62;102m▝[38;2;7;108;162;48;2;192;230;248m▄[38;2;4;92;142;48;2;189;229;248m▅[38;2;0;91;143;48;2;104;198;238m▆[38;2;2;128;189;48;2;0;40;68m▃[38;2;0;34;60;48;2;7;121;180m━[38;2;0;80;130;48;2;107;198;238m▆[38;2;1;79;125;48;2;171;222;246m▅[38;2;0;48;81;48;2;72;171;217m▄[38;2;29;153;210;48;2;0;57;96m▗[38;2;5;124;185;48;2;174;223;246m▘[38;2;192;226;242;48;2;18;105;140m▇[0m[38;2;126;196;226m▖  [0m
 [38;2;49;174;227m▗[38;2;87;190;234;48;2;223;242;252m▘[48;2;226;243;253m [38;2;47;168;222;48;2;208;236;250m▗[38;2;16;155;216;48;2;0;68;113m▘[38;2;52;157;208;48;2;0;40;67m▄[38;2;137;208;240;48;2;18;131;188m▅[38;2;1;106;165;48;2;135;208;241m▃[38;2;2;109;167;48;2;187;228;247m▅[38;2;1;106;164;48;2;191;229;247m▅[38;2;14;119;176;48;2;134;207;240m▄[38;2;173;223;246;48;2;59;163;212m┱[38;2;63;166;214;48;2;0;49;82m▄[38;2;52;169;221;48;2;0;68;112m▝[38;2;15;143;204;48;2;197;233;249m▖[38;2;226;243;253;48;2;225;242;252m╴[38;2;215;238;251;48;2;143;208;237m▊[0m[38;2;52;168;215m▖ [0m
[7m[38;2;2;9;15m▉[0m[38;2;96;196;237;48;2;0;68;109m▝[38;2;6;89;134;48;2;222;241;252m▅[38;2;0;83;129;48;2;203;233;249m▄[38;2;59;179;229;48;2;0;62;103m▘[38;2;83;191;234;48;2;1;90;142m▗[38;2;6;141;204;48;2;157;218;244m▗[38;2;0;81;136;48;2;9;117;175m╴[38;2;159;218;243;48;2;9;119;177m▅[38;2;206;235;250;48;2;44;170;226m▆[38;2;205;235;249;48;2;47;171;226m▆[38;2;163;219;244;48;2;11;121;179m▅[38;2;0;119;184;48;2;9;113;171m╴[38;2;4;138;202;48;2;156;218;244m▖[38;2;112;203;240;48;2;3;102;156m▖[38;2;14;131;190;48;2;0;32;56m▝[38;2;0;75;122;48;2;69;181;231m▆[38;2;0;26;49;48;2;3;121;181m━[38;2;29;147;203;48;2;0;46;78m▃[0m[38;2;29;147;203m [0m
[7m[38;2;5;94;149m▊[0m[38;2;226;243;252;48;2;39;153;206m▗[38;2;210;236;250;48;2;0;110;168m▅[38;2;169;224;246;48;2;9;110;163m▄[38;2;0;106;167;48;2;0;39;68m▖[38;2;2;135;199;48;2;192;230;248m▋[38;2;204;235;249;48;2;15;138;197m▎[38;2;7;127;188;48;2;172;223;246m▊[38;2;162;219;245;48;2;203;234;249m╴[48;2;226;243;253m  [38;2;179;224;246;48;2;202;234;249m╎[38;2;166;222;246;48;2;6;126;187m▎[38;2;3;128;190;48;2;166;222;246m▋[38;2;192;231;248;48;2;3;136;199m▍[38;2;0;33;59;48;2;0;99;160m▋[38;2;24;168;227;48;2;201;234;249m▍[38;2;226;243;252;48;2;188;227;247m▇[38;2;215;239;251;48;2;2;163;222m▊[0m [0m
 [38;2;9;133;191;48;2;178;226;247m▌[48;2;226;243;253m [38;2;212;238;251;48;2;119;204;241m▉[38;2;17;150;211;48;2;0;61;104m▌[38;2;37;165;221;48;2;0;56;93m▝[38;2;187;228;247;48;2;60;175;225m▚[38;2;136;209;241;48;2;10;125;185m▖[38;2;12;126;187;48;2;148;213;242m▅[38;2;0;121;184;48;2;184;227;247m▃[38;2;0;122;185;48;2;185;227;247m▃[38;2;10;126;188;48;2;140;211;242m▅[38;2;119;200;236;48;2;3;119;181m▃[38;2;62;174;224;48;2;178;226;246m▚[38;2;33;163;220;48;2;0;52;88m▘[38;2;0;130;195;48;2;0;41;69m▝[38;2;4;111;168;48;2;175;224;247m▃[38;2;67;179;229;48;2;223;241;252m▂[0m[38;2;150;212;239m▋ [0m
 [38;2;14;145;205m▝[38;2;0;69;110;48;2;157;217;244m▅[38;2;0;71;116;48;2;21;146;205m▆[38;2;103;192;232;48;2;0;63;104m▃[38;2;143;210;241;48;2;1;72;112m▃[38;2;0;49;83;48;2;2;107;164m▚[38;2;1;75;117;48;2;148;214;242m▅[38;2;1;110;169;48;2;134;208;240m▃[38;2;212;238;250;48;2;35;151;208m━[38;2;210;237;250m━[38;2;0;98;153;48;2;131;207;240m▃[38;2;0;49;82;48;2;100;190;230m▄[38;2;0;103;159;48;2;0;46;79m▚[38;2;120;198;234;48;2;2;80;126m▄[38;2;197;232;249;48;2;1;111;169m▅[38;2;175;223;246;48;2;2;77;121m▃[38;2;17;139;197;48;2;0;55;90m▖[0m[38;2;2;62;95m▘ [0m
 [38;2;0;0;0m [38;2;0;77;126m▝[38;2;0;71;107;48;2;91;185;228m▖[38;2;134;209;241;48;2;221;241;252m▁[38;2;226;243;253;48;2;225;242;252m╴[38;2;220;240;252;48;2;80;183;229m▆[38;2;33;156;212;48;2;0;74;122m▌[38;2;2;131;195;48;2;0;26;47m▗[38;2;213;238;251;48;2;4;82;124m▂[38;2;222;241;252;48;2;6;83;125m▂[38;2;113;200;237;48;2;0;52;88m▄[38;2;0;23;41;48;2;0;79;129m▚[38;2;15;133;191;48;2;145;214;243m▋[38;2;226;243;253;48;2;225;242;252m╴[38;2;121;203;239;48;2;219;240;252m▁[0m[7m[38;2;154;207;231m▃[0m [38;2;9;77;106m  [0m
 [38;2;0;0;0m  [0m [7m[38;2;26;129;178m▅[38;2;157;215;243m▄[38;2;104;187;225m▁[0m[38;2;0;112;174;48;2;0;39;69m▘[38;2;10;132;192;48;2;162;220;245m▋[38;2;202;233;249;48;2;226;243;252m▁[38;2;200;232;249;48;2;226;243;253m▁[38;2;109;197;239;48;2;223;242;252m▁[38;2;132;210;242;48;2;16;129;186m▎[38;2;1;20;33;48;2;0;63;103m▃[0m[7m[38;2;92;186;227m▄[38;2;29;118;156m▆[0m[38;2;0;6;8m    [0m
 [38;2;0;0;0m      [0m [7m[38;2;5;113;168m▆[38;2;3;150;214m▆[38;2;4;149;212m▆[38;2;0;150;216m▇[0m [38;2;0;0;0m       [0m
[?25h