[?25l[0m [38;2;0;0;0m     [38;2;175;20;27m▁[38;2;231;26;35m▂[38;2;234;26;35m▃[38;2;220;24;33m▄[38;2;221;24;33m▄[38;2;234;26;36m▃[38;2;232;26;35m▂[38;2;176;20;27m▁      [0m
 [38;2;0;0;0m  [38;2;122;13;18m▁[38;2;217;24;33m▄[38;2;222;30;38m▇[38;2;238;223;224;48;2;232;37;46m▂[38;2;245;238;238;48;2;231;32;41m▄[38;2;248;247;247;48;2;228;32;40m▅[38;2;244;237;237;48;2;235;26;36m▆[48;2;235;26;35m▆[38;2;248;247;247;48;2;228;32;40m▅[38;2;245;238;238;48;2;231;32;41m▄[38;2;239;223;224;48;2;232;37;46m▂[0m[38;2;222;30;39m▇[38;2;218;24;33m▄[38;2;123;14;19m▁   [0m
 [38;2;0;0;0m [38;2;233;26;35m▗[38;2;236;26;36;48;2;223;29;38m┊[38;2;240;211;212;48;2;230;49;57m▄[38;2;248;245;245;48;2;225;137;140m▇[38;2;226;89;95;48;2;250;249;249m▃[38;2;230;44;52;48;2;247;245;244m▅[38;2;233;28;37;48;2;235;225;224m▆[38;2;222;29;41;48;2;241;241;241m▇▇[38;2;233;28;37;48;2;235;224;224m▆[38;2;230;44;52;48;2;246;244;244m▅[38;2;225;89;95;48;2;250;249;249m▃[38;2;248;245;245;48;2;225;136;140m▇[38;2;240;211;212;48;2;230;49;57m▄[38;2;236;26;36;48;2;224;29;38m╴[0m[38;2;233;26;35m▖  [0m
 [38;2;231;26;35m▗[38;2;236;26;36;48;2;233;28;38m╴[38;2;224;56;64;48;2;242;231;232m▘[38;2;248;240;240;48;2;234;165;168m▉[38;2;231;190;192;48;2;231;37;46m▘[38;2;135;44;87;48;2;234;26;36m▗[38;2;67;58;137;48;2;207;29;48m▅[38;2;55;59;146;48;2;152;35;74m▇[38;2;232;233;240;48;2;76;82;159m▗[38;2;244;244;246;48;2;88;94;165m▖[38;2;55;59;146;48;2;152;35;74m▇[38;2;67;58;137;48;2;207;29;49m▅[38;2;135;44;87;48;2;234;26;36m▖[38;2;231;191;192;48;2;231;37;46m▝[38;2;235;165;168;48;2;248;240;240m▏[38;2;224;56;64;48;2;242;231;231m▝[38;2;236;26;36;48;2;233;28;38m╴[0m[38;2;232;26;35m▖ [0m
 [7m[38;2;227;25;34m▏[0m[38;2;230;26;35;48;2;226;200;201m▋[38;2;254;254;254;48;2;253;253;253m┊[38;2;247;247;247;48;2;224;55;63m▎[38;2;234;26;35;48;2;161;37;52m▉[38;2;133;132;164;48;2;101;81;123m╺[38;2;248;248;249;48;2;131;131;166m━[48;2;70;70;138m▆[38;2;254;254;254;48;2;240;240;244m╴[48;2;243;243;247m╴[38;2;249;249;250;48;2;70;70;138m▆[38;2;203;203;213m▆[38;2;148;148;184;48;2;100;78;117m▘[38;2;161;37;51;48;2;234;26;36m▏[38;2;228;38;47;48;2;230;211;211m▋[48;2;254;254;254m [38;2;226;200;201;48;2;230;26;35m▍[0m[38;2;227;25;34m▉ [0m
 [7m[38;2;227;25;35m▏[0m[38;2;230;26;36;48;2;227;201;201m▋[38;2;254;254;254;48;2;253;253;253m╴[38;2;247;247;247;48;2;224;55;62m▎[38;2;234;26;35;48;2;161;36;50m▉[38;2;128;54;72;48;2;80;71;92m▏[38;2;69;67;81;48;2;79;77;103m▃[38;2;113;112;130;48;2;239;239;240m▍[38;2;153;152;158;48;2;248;248;248m▁[38;2;138;137;144;48;2;246;246;246m▁[38;2;242;242;243;48;2;132;130;146m▊[38;2;69;67;81;48;2;79;77;103m▃[38;2;80;71;92;48;2;127;54;73m▉[38;2;161;37;49;48;2;234;26;35m▏[38;2;229;38;47;48;2;230;211;211m▋[48;2;254;254;254m [38;2;226;200;201;48;2;230;26;36m▍[38;2;227;25;34;48;2;58;9;10m▉[0m[38;2;227;25;34m [0m
 [38;2;232;26;35m▝[38;2;236;26;35;48;2;233;28;38m╴[38;2;224;56;64;48;2;242;232;232m▖[38;2;248;240;240;48;2;235;165;168m▉[38;2;232;190;192;48;2;231;37;45m▖[38;2;129;35;42;48;2;233;26;35m▝[38;2;78;78;78;48;2;122;34;39m╺[38;2;41;12;13;48;2;198;198;198m▅[38;2;0;0;0;48;2;20;20;21m╴[48;2;18;18;19m╴[38;2;47;23;24;48;2;219;219;220m▆[38;2;159;113;116;48;2;120;38;43m▏[38;2;129;35;42;48;2;234;26;36m▘[38;2;231;190;191;48;2;231;37;45m▗[38;2;233;165;167;48;2;248;240;240m▏[38;2;223;57;64;48;2;242;231;232m▗[38;2;236;25;36;48;2;233;28;38m┊[0m[38;2;232;26;36m▘ [0m
 [38;2;0;0;0m [38;2;233;26;35m▝[38;2;236;26;35;48;2;224;29;38m┊[38;2;230;49;58;48;2;240;212;213m▄[38;2;225;138;141;48;2;248;245;245m▁[38;2;250;249;249;48;2;226;88;94m▅[38;2;247;244;244;48;2;230;43;52m▃[38;2;234;223;223;48;2;233;28;37m▂[38;2;239;240;239;48;2;222;26;35m▁[38;2;238;239;239;48;2;221;26;35m▁[38;2;235;223;223;48;2;233;28;37m▂[38;2;247;244;244;48;2;230;43;52m▃[38;2;250;249;249;48;2;225;89;95m▅[38;2;226;138;142;48;2;249;245;245m▁[38;2;230;49;58;48;2;240;212;213m▄[38;2;236;26;36;48;2;224;29;38m╴[0m[38;2;233;26;35m▘  [0m
 [38;2;0;0;0m  [7m[38;2;123;14;19m▇[38;2;218;24;33m▄[38;2;222;30;38m▁[0m[38;2;232;37;46;48;2;239;224;224m▆[38;2;231;32;41;48;2;245;238;238m▄[38;2;228;32;41;48;2;249;248;248m▃[38;2;236;26;36;48;2;244;238;237m▂[38;2;236;26;35m▂[38;2;228;32;41;48;2;249;248;248m▃[38;2;231;32;41;48;2;245;238;238m▄[38;2;232;37;46;48;2;239;224;224m▆[0m[7m[38;2;222;30;39m▁[38;2;218;24;33m▄[38;2;124;15;20m▇[0m[38;2;11;1;1m   [0m
 [38;2;0;0;0m     [7m[38;2;177;20;27m▇[38;2;232;26;35m▆[38;2;234;26;35m▅[38;2;221;24;33m▄[38;2;222;24;33m▄[38;2;234;26;35m▅[38;2;232;26;36m▆[38;2;178;21;28m▇[0m[38;2;6;0;1m      [0m
[?25h