[?25l[0m [38;2;0;0;0m   [38;2;137;13;17m▁[38;2;229;23;28m▃[38;2;235;24;29m▅[38;2;245;24;30m▆[38;2;233;23;28m▇[38;2;254;26;32m▇▇[38;2;233;23;28m▇[38;2;245;24;30m▆[38;2;236;24;29m▅[38;2;230;23;28m▃[38;2;136;13;17m▁    [0m
 [38;2;0;0;0m [38;2;163;16;20m▗[38;2;242;24;30m▅[38;2;138;13;15;48;2;242;24;30m▁[38;2;34;2;3;48;2;241;24;29m▄[38;2;9;0;0;48;2;217;21;25m▆[38;2;0;0;0;48;2;82;5;6m▇[48;2;237;22;28m▌[48;2;254;26;32m  [38;2;237;22;28;48;2;0;0;0m▌[38;2;0;0;0;48;2;80;5;6m▇[38;2;9;0;0;48;2;217;21;25m▆[38;2;34;2;3;48;2;241;24;29m▄[38;2;135;12;15;48;2;242;24;30m▁[0m[38;2;241;24;30m▅[38;2;161;16;20m▖  [0m
 [38;2;253;25;31m▗[38;2;254;26;32;48;2;249;25;31m╴[38;2;4;0;0;48;2;195;19;23m▗[38;2;3;0;0;48;2;77;6;8m▇[48;2;0;0;0m   [38;2;0;0;0;48;2;237;22;28m▌[48;2;254;26;32m  [38;2;237;22;28;48;2;0;0;0m▌   [38;2;0;0;0;48;2;12;0;1m╴[38;2;1;0;0;48;2;190;18;22m▖[38;2;254;26;32;48;2;249;25;31m╴[0m[38;2;253;25;31m▖ [0m
[38;2;236;24;29m▗[38;2;254;26;32;48;2;253;25;31m╴[38;2;203;20;24;48;2;54;4;5m▌[48;2;0;0;0m     [38;2;0;0;0;48;2;237;22;28m▌[48;2;254;26;32m  [38;2;237;22;28;48;2;0;0;0m▌     [38;2;53;4;5;48;2;207;20;25m▌[38;2;254;26;32;48;2;253;25;31m╴[0m[38;2;237;24;29m▖[0m
[7m[38;2;245;25;30m▎[0m[38;2;254;26;32;48;2;162;13;16m▉[38;2;0;0;0;48;2;6;0;0m╴[38;2;6;6;6;48;2;140;140;140m▌[38;2;230;230;230;48;2;22;22;22m▄[38;2;166;166;166;48;2;4;4;4m▂[48;2;0;0;0m  [38;2;0;0;0;48;2;237;22;28m▌[48;2;254;26;32m  [38;2;237;22;28;48;2;0;0;0m▌  [38;2;186;186;186;48;2;8;8;8m▂[38;2;237;237;237;48;2;31;31;31m▄[38;2;147;146;146;48;2;13;13;13m▍[38;2;0;0;0;48;2;8;0;0m╴[38;2;194;16;20;48;2;254;26;32m▏[0m[38;2;246;25;31m▊[0m
[7m[38;2;246;25;31m▎[0m[38;2;254;26;32;48;2;180;15;19m▉[38;2;0;0;0;48;2;9;0;0m╴[48;2;2;2;2m╴[38;2;5;5;5;48;2;183;182;182m▖[38;2;0;0;0;48;2;244;244;244m▁[48;2;200;200;200m▁[38;2;219;218;218;48;2;17;17;17m╸[38;2;0;0;0;48;2;232;22;27m▌[48;2;254;26;32m  [38;2;237;22;28;48;2;0;0;0m▌[38;2;234;234;234;48;2;22;22;22m╺[38;2;0;0;0;48;2;207;206;206m▁[48;2;241;241;241m▁[38;2;49;49;49;48;2;202;202;202m▄[48;2;0;0;0m [38;2;0;0;0;48;2;6;0;0m╴[38;2;185;15;18;48;2;254;26;32m▏[0m[38;2;247;25;31m▊[0m
[38;2;238;24;30m▝[48;2;254;26;32m [38;2;209;20;25;48;2;52;4;5m▌[48;2;0;0;0m     [38;2;0;0;0;48;2;232;22;27m▌[48;2;254;26;32m  [38;2;237;22;28;48;2;0;0;0m▌     [38;2;46;4;5;48;2;200;19;24m▌[48;2;254;26;32m [0m[38;2;239;24;30m▘[0m
 [38;2;253;25;31m▝[38;2;254;26;32;48;2;250;25;31m╴[38;2;0;0;0;48;2;186;18;22m▝[48;2;11;0;1m╴[48;2;0;0;0m   [48;2;232;22;27m▌[48;2;254;26;32m  [38;2;237;22;28;48;2;0;0;0m▌   [38;2;78;7;8;48;2;3;0;0m▁[38;2;2;0;0;48;2;191;18;22m▘[38;2;254;26;32;48;2;249;25;31m╴[0m[38;2;253;25;31m▘ [0m
 [38;2;0;0;0m [38;2;167;16;20m▝[7m[38;2;243;24;30m▃[0m[38;2;242;24;30;48;2;134;12;15m▇[38;2;243;24;30;48;2;36;2;3m▄[38;2;225;21;26;48;2;11;0;0m▂[38;2;95;6;8;48;2;0;0;0m▁[38;2;0;0;0;48;2;232;22;27m▌[48;2;254;26;32m  [38;2;237;22;28;48;2;0;0;0m▌[38;2;93;6;7m▁[38;2;223;21;26;48;2;11;0;0m▂[38;2;244;24;30;48;2;39;3;3m▄[48;2;142;13;16m▇[0m[7m[38;2;242;24;30m▃[0m[38;2;166;16;20m▘  [0m
 [38;2;0;0;0m   [7m[38;2;143;14;17m▇[38;2;232;23;29m▅[38;2;238;24;30m▃[38;2;247;25;30m▂[38;2;236;23;29m▁[38;2;254;26;32m▁▁[38;2;237;23;29m▁[38;2;247;25;30m▂[38;2;238;24;30m▃[38;2;232;23;29m▅[38;2;142;14;17m▇[0m[38;2;6;0;0m    [0m
[?25h