[?25l[0m [38;2;0;0;0m [0m [38;2;75;174;79m▂[38;2;69;152;72m▂[7m[38;2;54;121;56m▂▂▂▂▂▂▂▂[0m[38;2;52;114;54m▂[38;2;75;174;79m▂[38;2;45;95;47m▖  [0m
 [38;2;209;62;51m▂▂[38;2;209;62;52m▂[38;2;209;62;51m▂[38;2;213;75;53m▂[38;2;244;119;57m▆▆▆▆▆▆[38;2;222;110;54m▂[38;2;209;62;51m▂[38;2;209;62;52m▂▂▂[38;2;126;41;35m▂[0m
 [38;2;82;22;18;48;2;233;169;53m▋[38;2;253;223;58;48;2;243;67;54m▆▆▆[38;2;253;224;58;48;2;243;80;54m▆[38;2;254;234;59;48;2;253;233;58m╴[38;2;5;5;0;48;2;248;229;57m▁[38;2;14;12;2;48;2;228;211;52m▅[38;2;0;0;0;48;2;233;216;53m▁[38;2;254;234;59;48;2;247;228;57m╴[48;2;254;234;59m [38;2;253;226;58;48;2;246;118;55m▆[38;2;253;223;58;48;2;243;67;54m▆▆▆[38;2;250;184;57;48;2;102;42;22m▌[38;2;161;88;83;48;2;50;18;15m╵[0m
 [38;2;0;0;0;48;2;228;212;53m▋[48;2;254;234;59m    [38;2;254;234;59;48;2;238;221;55m▉[38;2;224;207;50;48;2;19;17;2m▅[38;2;82;76;16;48;2;0;0;0m▏ [38;2;1;1;0;48;2;245;226;56m▏[48;2;254;234;59m     [38;2;253;234;59;48;2;31;29;6m▌[38;2;83;83;83;48;2;6;6;6m┊[0m
 [38;2;0;0;0;48;2;228;212;53m▋[48;2;254;234;59m [38;2;254;234;59;48;2;252;233;58m╴[38;2;246;227;57;48;2;133;122;28m▉[38;2;0;0;0;48;2;233;215;53m▄[48;2;230;212;53m▄[38;2;20;18;2;48;2;0;0;0m▏ [38;2;112;105;19m▁[38;2;16;15;2;48;2;245;226;56m▏[48;2;254;234;59m [38;2;225;208;51m▁[38;2;239;221;55m▁  [38;2;253;234;59;48;2;31;29;6m▌[38;2;83;83;83;48;2;6;6;6m┊[0m
 [38;2;0;0;0;48;2;228;212;53m▋[48;2;254;234;59m [38;2;238;220;55;48;2;0;0;0m▉[38;2;5;5;0;48;2;124;116;28m▉[38;2;238;220;54;48;2;8;7;0m▄[48;2;0;0;0m   [38;2;2;2;0;48;2;228;211;52m▄[38;2;128;118;29;48;2;249;230;57m▏[48;2;254;234;59m [38;2;216;199;48;48;2;0;0;0m▍[38;2;32;29;5;48;2;252;232;58m▍[48;2;254;234;59m  [38;2;253;234;59;48;2;31;29;6m▌[38;2;83;83;83;48;2;6;6;6m┊[0m
 [38;2;0;0;0;48;2;228;212;53m▋[48;2;254;234;59m [38;2;254;234;59;48;2;253;233;58m╴[38;2;247;228;57;48;2;145;134;31m▉[38;2;237;218;54;48;2;47;44;9m▄[38;2;254;234;59;48;2;220;204;51m▇[38;2;253;233;58;48;2;219;203;50m▇[38;2;143;132;30;48;2;0;0;0m▏ [38;2;0;0;0;48;2;93;88;14m▇[48;2;191;177;43m▃[48;2;174;161;39m▝[38;2;86;79;18;48;2;249;230;57m▘[48;2;254;234;59m  [38;2;253;234;59;48;2;31;29;6m▌[38;2;83;83;83;48;2;6;6;6m┊[0m
  [38;2;38;34;7;48;2;250;230;57m▊[48;2;254;234;59m   [38;2;254;234;59;48;2;241;224;56m▉[38;2;14;13;1;48;2;251;231;58m▃[38;2;91;84;19;48;2;0;0;0m▏ [38;2;212;196;49;48;2;9;8;0m▃[38;2;124;115;26;48;2;237;219;54m▎[38;2;254;234;59;48;2;249;229;57m╴[48;2;254;234;59m  [38;2;246;227;57;48;2;28;25;6m▌[0m[7m[38;2;18;17;7m┊[0m [0m
  [38;2;0;0;0;48;2;59;55;17m╴[38;2;54;50;12;48;2;242;223;56m▂[48;2;254;234;59m  [38;2;254;234;59;48;2;253;233;58m╴[38;2;249;229;57;48;2;6;6;0m▇[38;2;18;16;3;48;2;193;178;44m▂[38;2;213;198;48;48;2;22;20;5m▃[38;2;87;80;19;48;2;247;228;57m▏[48;2;254;234;59m   [38;2;106;97;24;48;2;247;228;57m▗[38;2;246;227;57;48;2;81;75;22m╴[0m [38;2;42;42;42m [0m
 [38;2;0;0;0m [0m  [38;2;39;37;8;48;2;233;216;54m▆[48;2;254;234;59m  [38;2;254;234;59;48;2;253;233;58m╴[38;2;238;219;54;48;2;18;16;3m▇[38;2;254;234;59;48;2;249;229;57m╴[48;2;254;234;59m   [38;2;244;226;56;48;2;63;58;13m▍[0m[7m[38;2;112;105;35m▆[0m [38;2;0;0;0m  [0m
 [38;2;0;0;0m  [0m  [38;2;40;37;12;48;2;253;234;58m▆[38;2;0;0;0;48;2;241;222;55m▁▁[38;2;254;234;59;48;2;252;232;58m╴[48;2;254;234;59m [38;2;48;45;11;48;2;243;224;56m▁[38;2;0;0;0;48;2;241;222;55m▁[38;2;162;149;36;48;2;119;110;29m╴[0m  [38;2;14;14;14m   [0m
 [38;2;0;0;0m    [0m   [38;2;14;14;14;48;2;230;213;54m▅[38;2;10;10;10;48;2;238;220;55m▅[0m[38;2;95;89;26m▏[0m  [38;2;0;0;0m     [0m
[?25h