[?25l[0m [38;2;0;0;0m      [38;2;154;96;58m▗[38;2;168;98;59m▄[38;2;115;69;46m▄[0m [38;2;23;13;9m       [0m
 [38;2;0;0;0m      [7m[38;2;146;93;54m▎[0m[38;2;150;85;51;48;2;176;112;75m╿[0m[38;2;150;94;64m▊[38;2;51;30;21m▎       [0m
 [38;2;0;0;0m      [0m [38;2;85;62;54;48;2;184;131;98m▅[0m[38;2;107;78;63m▍        [0m
 [38;2;0;0;0m      [0m [38;2;87;64;56;48;2;74;51;43m▉[0m[38;2;75;58;52m▍        [0m
 [38;2;0;0;0m      [0m [38;2;90;66;58;48;2;74;51;44m▉[0m[38;2;82;60;52m▍        [0m
 [38;2;0;0;0m      [0m [38;2;114;91;82;48;2;92;65;56m▏[0m[38;2;92;67;58m▍        [0m
 [38;2;0;0;0m      [7m[38;2;81;61;56m▉[0m[38;2;95;65;56;48;2;103;74;65m┗[0m[38;2;89;66;57m▌        [0m
 [38;2;0;0;0m   [38;2;89;61;43m▁[38;2;199;132;83m▃[38;2;212;139;86m▄[38;2;200;135;89m▅[38;2;98;69;58;48;2;103;74;64m▖[0m[7m[38;2;99;65;51m▝[0m[38;2;173;104;64m▅[38;2;171;102;63m▄[38;2;131;79;52m▂     [0m
 [38;2;0;0;0m  [0m [38;2;110;78;59;48;2;205;139;90m▘[38;2;218;150;96;48;2;215;145;91m▃[38;2;182;128;90;48;2;215;144;90m▁[38;2;137;99;79;48;2;200;138;92m▃[38;2;73;54;47;48;2;100;73;63m▂[38;2;59;40;31;48;2;92;60;47m│[38;2;129;89;68;48;2;185;111;69m▂[38;2;189;114;69;48;2;185;110;67m▅[38;2;186;111;69;48;2;181;108;66m╴[0m[38;2;119;74;50m▍    [0m
 [38;2;0;0;0m  [0m [38;2;84;59;47;48;2;209;151;103m▍[38;2;234;182;129;48;2;226;163;107m▃[38;2;212;154;107;48;2;148;113;93m▏[38;2;24;18;15;48;2;90;61;45m▆[38;2;33;26;22;48;2;51;45;42m▏[38;2;76;61;56;48;2;47;34;29m╷[38;2;75;44;30;48;2;113;80;63m▎[38;2;117;86;69;48;2;185;115;73m▎[38;2;190;116;71;48;2;145;90;60m▉[0m[38;2;89;53;38m▍    [0m
 [38;2;0;0;0m   [7m[38;2;204;169;134m▋[0m[38;2;240;205;160;48;2;237;196;147m▆[38;2;156;129;114;48;2;219;178;136m▝[38;2;162;125;101;48;2;65;50;40m▅[38;2;126;93;77;48;2;47;41;39m▄[38;2;108;79;65;48;2;59;42;35m▅[38;2;102;91;86;48;2;101;76;64m▗[38;2;112;97;88;48;2;136;96;73m▉[38;2;174;109;70;48;2;77;46;34m▊[0m[38;2;30;17;13m▏    [0m
 [38;2;0;0;0m  [38;2;198;141;97m▗[38;2;235;188;136;48;2;219;165;116m╵[38;2;226;161;106;48;2;236;190;139m▅[38;2;161;103;65;48;2;225;162;108m▁[38;2;86;45;31;48;2;214;148;98m▁[38;2;70;54;47;48;2;174;113;80m▁[38;2;144;94;68;48;2;67;48;39m▋[38;2;52;34;28;48;2;66;59;56m▅[38;2;167;99;61;48;2;72;62;57m▂[38;2;139;89;61;48;2;189;115;71m▘[0m[7m[38;2;146;87;54m▝[0m [38;2;0;0;0m   [0m
 [38;2;0;0;0m [38;2;180;129;93m▗[38;2;216;149;97;48;2;213;145;93m╴[38;2;221;149;92;48;2;221;152;96m▎[38;2;220;155;100;48;2;221;148;92m▊[38;2;106;50;31;48;2;213;141;87m▝[38;2;205;131;81;48;2;95;48;34m▄[38;2;191;118;72;48;2;85;51;41m▃[38;2;192;118;72;48;2;80;45;33m▃[38;2;194;120;74;48;2;80;34;21m▄[38;2;113;61;37;48;2;192;119;73m▘[38;2;191;117;73;48;2;185;111;68m▊[38;2;180;106;64;48;2;170;98;59m▌[0m[7m[38;2;143;85;55m▝[0m [38;2;0;0;0m  [0m
 [38;2;0;0;0m [7m[38;2;195;136;93m▍[0m[38;2;216;149;96;48;2;215;140;86m▍[38;2;217;144;88;48;2;219;152;98m▎[38;2;221;153;98;48;2;219;147;91m▋[38;2;220;150;94;48;2;209;133;82m▍[38;2;209;134;82;48;2;206;129;79m▘[38;2;198;123;76;48;2;204;128;79m▅[38;2;190;113;69;48;2;198;121;74m▗[38;2;190;117;72;48;2;198;123;77m▄[38;2;194;121;75;48;2;187;114;70m▍[38;2;176;102;62;48;2;184;109;67m▗[38;2;174;105;66;48;2;167;97;60m▎[38;2;159;91;55;48;2;130;74;47m▉[0m[38;2;70;53;45m▏  [0m
 [38;2;0;0;0m [38;2;153;107;78m▝[38;2;113;74;51;48;2;200;130;82m▁[38;2;203;130;80;48;2;211;139;86m▗[38;2;205;127;76;48;2;213;139;85m▄[38;2;212;136;83;48;2;200;120;71m▘[38;2;188;112;68;48;2;199;120;72m▃[38;2;181;107;65;48;2;190;114;69m▄[38;2;178;103;62;48;2;186;109;66m▅[38;2;177;104;64;48;2;185;110;67m▅[38;2;184;109;67;48;2;176;103;62m▍[38;2;179;102;61;48;2;170;99;61m▘[38;2;166;96;58;48;2;158;90;54m╴[0m[7m[38;2;111;66;43m▗[0m[38;2;7;6;5m   [0m
 [38;2;0;0;0m  [0m [7m[38;2;153;97;64m▅[38;2;179;106;63m▄[38;2;173;102;62m▃[38;2;174;102;63m▃[38;2;171;98;60m▃[38;2;165;94;57m▃[38;2;159;92;58m▃[38;2;163;93;57m▄[38;2;149;88;55m▅[38;2;77;48;34m▆[0m[38;2;1;0;0m    [0m
[?25h