[?25l[0m [38;2;0;0;0m    [38;2;52;113;164m▗[38;2;49;105;153m▆[7m[38;2;48;103;150m▂[0m[38;2;54;118;172;48;2;39;84;123m▇[38;2;55;117;170;48;2;52;112;163m▇[38;2;55;116;168;48;2;54;116;167m╶[38;2;55;115;166;48;2;37;78;113m▇[0m[38;2;53;112;161m▇[38;2;54;111;160m▅[38;2;47;96;137m▖     [0m
 [38;2;0;0;0m    [7m[38;2;55;119;174m▎[38;2;51;111;162m▝[0m[38;2;54;116;168m▃[38;2;37;78;114;48;2;54;116;168m▏[38;2;55;115;166;48;2;55;116;168m▄[38;2;55;114;164;48;2;55;115;166m▃[38;2;55;113;162;48;2;55;114;164m▃[38;2;55;112;161;48;2;55;113;162m▅[38;2;55;111;159;48;2;55;112;161m▅[0m[38;2;54;109;156m▉     [0m
  [38;2;52;112;163m▃[38;2;55;119;173m▃[38;2;55;118;171m▃[38;2;55;117;169m▃[7m[38;2;47;100;145m━[38;2;47;99;143m━[38;2;47;98;142m━[38;2;47;97;140m━[0m[38;2;46;95;137;48;2;55;112;161m▏[38;2;55;111;159m▅[38;2;54;110;157;48;2;55;111;159m▄[38;2;54;109;155;48;2;54;110;157m▅[0m[38;2;54;108;154m▉[38;2;236;200;68m▗[38;2;236;199;67m▄[38;2;253;212;70m▃[38;2;182;153;53m▂ [0m
[38;2;55;119;174m▗[38;2;56;120;175;48;2;54;118;172m╵[38;2;55;118;171;48;2;55;119;173m▃[38;2;55;117;169;48;2;55;118;171m▗[38;2;55;116;168;48;2;55;117;170m▅[38;2;55;115;166;48;2;55;116;168m▄[38;2;55;114;164;48;2;55;115;166m▃[38;2;55;113;162;48;2;55;114;164m▃[38;2;55;112;161;48;2;55;113;162m▅[38;2;55;111;159;48;2;55;112;161m▅[38;2;54;110;157;48;2;55;111;159m▄[38;2;54;109;155;48;2;54;110;157m▅[38;2;54;107;153;48;2;54;109;155m▄[38;2;54;107;152;48;2;54;108;153m▅[0m[38;2;52;104;148m▉[7m[38;2;254;213;70m▌[0m[38;2;254;211;68;48;2;254;213;70m▃[38;2;254;210;67;48;2;254;212;69m▅[48;2;253;209;66m╵[0m[38;2;254;208;64m▖[0m
[38;2;33;69;101;48;2;54;118;171m▏[38;2;55;117;169;48;2;55;118;171m▃[38;2;55;116;168;48;2;55;117;170m▅[38;2;55;115;166;48;2;55;116;168m▄[38;2;55;114;164;48;2;55;115;166m▃[48;2;54;113;163m╵[0m[7m[38;2;54;112;161m▁[38;2;53;107;154m▁[38;2;53;106;152m▁[38;2;52;105;151m▁[38;2;52;104;149m▁[38;2;52;103;147m▁[38;2;51;101;144m▁[38;2;49;97;138m▂[0m[38;2;144;122;46m▂[7m[38;2;252;210;67m▘[0m[38;2;254;209;66;48;2;254;210;67m▅[48;2;254;208;64m▘[38;2;254;206;62;48;2;254;207;64m▃[38;2;252;204;61;48;2;137;113;40m▉[0m
[38;2;32;67;98;48;2;54;116;167m▏[38;2;55;115;166;48;2;55;116;168m▄[38;2;55;114;164;48;2;55;115;166m▃[38;2;55;113;162;48;2;55;114;164m▃[0m[7m[38;2;54;112;161m▗[0m[38;2;211;184;68m▗[38;2;250;217;77m▅[38;2;240;208;74m▇[38;2;244;210;73m▇[38;2;244;208;71m▇[38;2;244;207;70m▇[38;2;244;205;69m▇[38;2;244;204;67m▇[38;2;252;209;67m▇[38;2;254;210;67;48;2;253;209;66m╵[38;2;254;208;64;48;2;254;209;66m▅[38;2;254;206;62;48;2;254;207;64m▃[38;2;254;205;61;48;2;254;206;63m▅[38;2;254;203;59;48;2;254;204;61m▄[38;2;252;201;58;48;2;139;113;39m▉[0m
[38;2;54;114;165m▝[38;2;55;114;164;48;2;54;113;163m╵[38;2;55;112;161;48;2;55;113;162m▅[38;2;55;111;159;48;2;55;112;161m▅[0m[38;2;55;110;158m▌[7m[38;2;248;215;76m▏[0m[38;2;254;218;75;48;2;254;219;77m▅[38;2;254;216;73;48;2;254;217;75m▄[38;2;254;215;72;48;2;254;216;73m▄[38;2;254;213;71;48;2;254;215;72m▄[38;2;254;212;69;48;2;254;213;71m▅[48;2;254;211;68m▘[38;2;254;209;66;48;2;254;210;67m▄[38;2;254;208;64;48;2;254;209;66m▅[38;2;254;206;62;48;2;254;207;64m▗[38;2;254;205;61;48;2;254;206;63m▅[38;2;254;203;59;48;2;254;205;61m▄[38;2;254;202;58;48;2;254;203;59m▄[48;2;251;199;56m╵[0m[38;2;253;200;56m▘[0m
 [7m[38;2;41;83;120m▆[38;2;54;111;159m▅[38;2;51;102;147m▄[0m[38;2;50;102;145m▘[7m[38;2;254;217;74m▏[0m[38;2;254;215;72;48;2;254;216;73m▄[38;2;254;213;71;48;2;254;215;72m▄[38;2;254;212;69;48;2;254;213;71m▄[38;2;254;211;68;48;2;211;176;59m▉[0m[7m[38;2;215;179;59m━[38;2;215;178;58m━[38;2;215;176;56m━[38;2;215;175;55m━[38;2;254;205;61m▅[38;2;254;203;60m▅[38;2;254;202;58m▅[38;2;235;186;53m▅[38;2;169;135;43m▇[0m[38;2;20;21;20m [0m
 [38;2;0;0;0m    [7m[38;2;250;211;70m▏[0m[38;2;254;212;69;48;2;254;213;71m▄[38;2;254;210;67;48;2;254;212;69m▗[38;2;254;209;66;48;2;254;211;68m▅[38;2;254;208;65;48;2;254;209;66m▅[48;2;254;207;63m▘[38;2;252;205;62;48;2;163;134;46m▉[0m[7m[38;2;251;203;61m▅[38;2;237;190;56m▖[0m[38;2;254;201;57m▊     [0m
 [38;2;0;0;0m    [38;2;209;176;60m▝[7m[38;2;248;206;66m▃[38;2;247;203;64m▁[0m[38;2;159;131;45;48;2;254;207;64m▁[38;2;236;191;57;48;2;254;206;62m▁[38;2;240;192;57;48;2;254;204;61m▁[38;2;172;139;44;48;2;253;203;59m▁[0m[38;2;214;171;51m▆[7m[38;2;217;172;50m▂[0m[38;2;234;185;52m▘     [0m
[?25h