[?25l[0m [38;2;0;0;0m     [38;2;70;55;45m▂[0m  [38;2;116;93;74m▄[0m [38;2;38;30;24m [38;2;127;107;88m▁       [0m
 [38;2;0;0;0m    [0m [38;2;154;123;96;48;2;133;105;80m╵[0m[38;2;84;60;44m▌[7m[38;2;114;90;71m▌[0m[38;2;151;122;96;48;2;122;91;67m▘[0m[38;2;73;56;43m▍[7m[38;2;107;88;70m▌[0m[38;2;160;131;103;48;2;131;100;74m▘[0m[38;2;85;70;61m▏      [0m
 [38;2;0;0;0m  [0m [38;2;105;80;62m▇[38;2;49;37;29;48;2;170;146;120m▉[38;2;181;158;127;48;2;110;81;60m▍[0m[38;2;71;51;37m▋[7m[38;2;150;123;97m▎[0m[38;2;150;123;98;48;2;108;79;56m▎[0m[38;2;57;45;37m▎[38;2;177;142;104;48;2;131;104;79m╵[0m[38;2;140;110;81m▊       [0m
 [38;2;0;0;0m  [7m[38;2;72;55;43m▊[0m[38;2;157;126;95;48;2;79;55;38m▋[0m[7m[38;2;80;64;51m│[0m[38;2;181;163;142;48;2;84;58;39m▊[0m[38;2;68;45;30m▋[38;2;92;67;49;48;2;159;137;114m▎[38;2;173;156;134;48;2;119;87;62m▎[0m[7m[38;2;187;166;139m▉[0m[38;2;164;144;122;48;2;91;67;50m▊[0m[38;2;135;108;82m▊   [0m  [38;2;8;7;6m  [0m
 [38;2;0;0;0m  [38;2;84;67;52m▗[38;2;118;94;74;48;2;186;168;144m▝[38;2;191;178;159;48;2;68;51;38m▃[38;2;113;86;72;48;2;167;148;126m▁[38;2;155;134;110;48;2;49;32;21m▄[38;2;154;139;124;48;2;88;86;91m▊[38;2;115;104;97;48;2;98;81;70m╻[38;2;49;37;31;48;2;106;84;66m▘[38;2;139;116;94;48;2;88;68;55m▘[38;2;131;102;76;48;2;82;62;47m▇[0m[38;2;59;51;45m▏ [38;2;98;75;58m▗[38;2;131;102;75;48;2;69;54;43m▆[0m[38;2;136;105;77m▊  [0m
 [38;2;0;0;0m  [7m[38;2;107;82;64m▊[0m[38;2;179;156;110;48;2;162;135;80m▘[38;2;173;150;119;48;2;203;186;161m▎[38;2;190;169;141;48;2;98;66;55m▄[38;2;157;141;121;48;2;188;173;150m▘[38;2;170;155;137;48;2;103;96;97m▍[38;2;53;83;118;48;2;105;75;56m▘[38;2;95;67;48;48;2;104;86;72m▇[38;2;66;57;55;48;2;91;65;48m▘[38;2;146;112;80;48;2;91;63;42m▊[0m[38;2;90;67;50m▂[38;2;102;77;56m▄[38;2;163;134;103;48;2;105;77;56m▂[0m[7m[38;2;130;102;77m▗[0m[38;2;67;55;47m▘  [0m
 [38;2;0;0;0m  [0m [38;2;71;54;43;48;2;130;92;62m▏[38;2;187;152;109;48;2;204;182;144m▎[38;2;203;186;157;48;2;203;187;134m▊[38;2;227;221;134;48;2;218;211;83m▋[38;2;218;212;65;48;2;138;113;69m▖[38;2;131;108;84;48;2;111;86;65m┈[38;2;90;60;40;48;2;94;64;44m┊[38;2;119;96;79;48;2;89;63;43m╷[38;2;87;62;43;48;2;128;95;66m▆[38;2;89;64;47;48;2;150;135;121m▉[38;2;102;74;53;48;2;149;116;83m▋[38;2;174;142;111;48;2;152;126;99m┊[0m[38;2;83;70;61m▍   [0m
 [38;2;0;0;0m   [7m[38;2;89;63;45m▌[0m[38;2;197;176;139;48;2;144;107;73m▝[38;2;162;137;101;48;2;196;177;143m▃[38;2;160;136;105;48;2;215;211;57m▄[38;2;181;166;39;48;2;132;106;79m▘[38;2;126;105;84;48;2;108;83;60m▏[38;2;113;83;61;48;2;101;72;50m╎[38;2;119;89;65;48;2;103;74;53m┊[38;2;109;83;65;48;2;94;66;45m╱[38;2;94;64;43;48;2;103;74;53m╴[38;2;68;56;48;48;2;107;79;59m▁[0m[7m[38;2;80;101;78m▄[0m[38;2;8;8;7m    [0m
 [38;2;0;0;0m   [7m[38;2;90;78;68m▉[0m[38;2;182;152;114;48;2;128;92;65m▗[38;2;221;202;166;48;2;155;123;89m━[38;2;103;85;68;48;2;166;143;111m▖[38;2;169;146;110;48;2;122;98;72m▏[38;2;128;93;65;48;2;100;69;48m▎[38;2;86;58;38;48;2;96;66;46m╴[38;2;149;129;107;48;2;99;70;49m▗[38;2;152;127;102;48;2;121;97;76m┬[0m[38;2;117;100;87m▏[0m [38;2;57;50;45m     [0m
 [38;2;0;0;0m   [7m[38;2;127;105;83m▌[0m[38;2;183;158;117;48;2;153;125;88m▂[38;2;202;180;142;48;2;97;75;53m▇[38;2;165;146;117;48;2;177;162;140m▌[38;2;151;128;102;48;2;107;81;55m▋[38;2;105;77;50;48;2;88;63;43m▃[38;2;79;57;37;48;2;93;67;45m╴[38;2;115;88;61;48;2;165;144;121m▉[38;2;124;95;71;48;2;146;115;87m▏[0m[7m[38;2;154;140;129m▝[0m[38;2;37;35;34m      [0m
 [38;2;0;0;0m   [7m[38;2;107;81;62m▎[0m[38;2;140;110;75;48;2;199;178;143m▊[38;2;196;181;155;48;2;222;212;184m▊[38;2;184;172;153;48;2;223;213;186m╿[38;2;172;146;106;48;2;134;106;73m▍[38;2;209;192;171;48;2;126;103;77m╷[38;2;126;102;78;48;2;108;82;56m└[38;2;126;94;68;48;2;109;77;55m▗[38;2;134;97;66;48;2;153;119;85m▌[38;2;145;116;90;48;2;174;157;142m▍[0m[38;2;123;114;106m▖     [0m
 [38;2;0;0;0m  [0m [38;2;118;95;77;48;2;109;80;60m╴[38;2;150;110;73;48;2;185;155;108m▋[38;2;179;153;109;48;2;206;188;154m▄[38;2;173;154;125;48;2;151;124;85m▉[38;2;164;140;106;48;2;117;92;70m▏[38;2;137;108;75;48;2;115;88;58m▎[38;2;127;100;73;48;2;95;68;46m╻[38;2;90;60;40;48;2;105;70;48m▊[38;2;132;92;63;48;2;167;129;89m▍[38;2;161;138;116;48;2;151;118;87m▝[0m[38;2;151;133;117m▊     [0m
 [38;2;0;0;0m  [7m[38;2;121;103;91m▊[0m[38;2;99;65;44;48;2;105;72;51m╵[38;2;129;92;59;48;2;165;133;81m▍[38;2;147;115;72;48;2;165;136;91m▖[38;2;167;139;105;48;2;148;119;82m╴[38;2;160;131;91;48;2;117;91;66m▏[38;2;126;95;60;48;2;110;82;52m┃[38;2;107;77;48;48;2;120;90;58m╵[38;2;119;85;61;48;2;105;72;50m┈[38;2;126;86;59;48;2;151;111;75m▋[38;2;155;116;79;48;2;134;99;72m▌[38;2;133;105;81;48;2;149;126;107m▖[0m[38;2;105;94;85m▏    [0m
 [38;2;0;0;0m  [7m[38;2;102;83;71m▌[0m[38;2;103;70;47;48;2;126;91;55m▉[38;2;128;97;62;48;2;154;122;74m▁[38;2;174;145;96;48;2;145;113;74m▖[38;2;146;119;89;48;2;126;95;62m╸[38;2;142;114;84;48;2;123;95;66m▖[38;2;129;100;65;48;2;119;88;56m┈[38;2;103;78;53;48;2;123;93;58m▎[38;2;128;94;65;48;2;112;80;52m╿[38;2;115;78;54;48;2;143;101;67m▋[38;2;159;121;84;48;2;147;107;74m▚[38;2;146;115;87;48;2;161;139;118m▋[0m[7m[38;2;122;111;102m▝[0m[38;2;0;0;0m    [0m
 [38;2;0;0;0m  [7m[38;2;71;55;44m▍[0m[38;2;112;74;51;48;2;130;97;72m╴[38;2;158;125;85;48;2;136;103;73m╵[38;2;128;97;71;48;2;177;159;133m▇[38;2;154;125;97;48;2;120;92;65m─[38;2;153;123;93;48;2;127;99;72m╶[38;2;125;95;67;48;2;154;128;96m▇[38;2;98;72;46;48;2;113;83;58m╵[38;2;93;65;45;48;2;110;79;57m╴[38;2;108;74;52;48;2;128;89;61m▋[0m[7m[38;2;165;131;93m▂[38;2;144;118;92m▄[38;2;91;81;72m▇[0m[38;2;6;5;4m    [0m
 [38;2;0;0;0m   [0m [7m[38;2;143;116;93m▆[38;2;147;114;87m▅[38;2;128;100;77m▄[38;2;136;105;80m▄[38;2;141;107;79m▄[38;2;136;103;77m▄[38;2;119;89;68m▅[38;2;78;63;51m▆[0m[38;2;0;0;0m       [0m
[?25h