[?25l[0m [38;2;0;0;0m           [38;2;2;73;123m▂[38;2;0;94;159m▅[38;2;6;106;174;48;2;3;101;168m╵[0m[38;2;29;154;238m▆[38;2;28;143;221m▅[38;2;27;138;213m▃[38;2;23;111;172m▁ [0m
 [38;2;0;0;0m        [0m [38;2;2;77;128m▃[38;2;0;93;157m▆[38;2;0;100;168;48;2;0;99;167m╶[48;2;0;100;168m  [48;2;30;155;239m   [38;2;30;155;239;48;2;29;154;238m╶[0m[38;2;28;148;228m▆[0m
[38;2;4;69;116m▁[38;2;0;111;187m▄[38;2;1;107;179m▄[38;2;3;74;123m▁   [0m [38;2;1;88;148m▃[38;2;0;97;164m▆[48;2;0;100;168m    [0m[7m[38;2;0;97;162m▁[0m[38;2;30;155;239;48;2;29;154;238m╶[48;2;30;155;239m    [0m
[7m[38;2;1;105;177m▂[0m[38;2;0;121;203;48;2;0;120;202m╶[48;2;0;121;203m [48;2;0;119;200m╶[0m[38;2;0;118;198m▅[38;2;1;101;170m▃[38;2;1;89;149m▄[38;2;0;96;162m▇[48;2;0;100;168m   [38;2;0;100;168;48;2;0;97;164m╶[0m[7m[38;2;0;96;161m▃[38;2;2;77;129m▅[0m [38;2;29;151;232;48;2;30;155;239m▏    [0m
 [7m[38;2;2;84;140m▆[38;2;0;113;190m▃[0m[38;2;0;121;203;48;2;0;119;200m╶[48;2;0;121;203m  [38;2;0;120;202;48;2;0;111;187m▇[38;2;0;118;198;48;2;0;101;170m▅[38;2;0;114;192;48;2;0;100;169m▂[0m[7m[38;2;0;97;163m▂[38;2;1;84;142m▄[0m [38;2;8;14;22m   [38;2;29;151;232;48;2;30;155;239m▏    [0m
 [38;2;2;70;117m▂[38;2;0;93;157m▅[38;2;0;106;178;48;2;0;101;169m╵[38;2;0;102;171;48;2;0;118;198m▃[38;2;0;121;203;48;2;0;120;201m╶[48;2;0;121;203m   [0m[38;2;0;117;197m▆[38;2;1;102;170m▄[0m [38;2;4;64;106m   [38;2;29;151;232;48;2;30;155;239m▏    [0m
[38;2;1;87;147m▆[38;2;0;100;168;48;2;0;99;167m╶[48;2;0;100;168m [48;2;0;98;165m╶[0m[7m[38;2;0;97;164m▃[38;2;1;89;149m▅[38;2;1;106;178m▄[38;2;0;117;196m▁[0m[38;2;4;66;110;48;2;0;121;203m   [38;2;0;121;203;48;2;0;118;198m╶[0m[38;2;0;116;195m▅[38;2;2;93;155m▃[0m [38;2;29;151;232;48;2;30;155;239m▏    [0m
[7m[38;2;4;58;97m▇[38;2;0;92;155m▄[38;2;1;88;148m▄[38;2;3;62;103m▇[0m[38;2;8;16;24m   [0m [7m[38;2;1;106;178m▅[38;2;0;118;198m▂[0m[38;2;4;60;99;48;2;0;121;203m    [0m[38;2;0;117;196m▇[38;2;30;155;239;48;2;29;154;238m╶[48;2;30;155;239m    [0m
 [38;2;0;0;0m        [0m [7m[38;2;2;92;154m▅[38;2;0;113;190m▂[0m[38;2;0;121;203;48;2;0;120;202m╶[48;2;0;121;203m  [48;2;30;155;239m   [38;2;30;155;239;48;2;29;154;238m╶[0m[7m[38;2;28;148;228m▂[0m
 [38;2;0;0;0m           [7m[38;2;2;88;147m▆[38;2;0;114;192m▃[0m[38;2;18;98;153;48;2;1;122;204m▁[0m[7m[38;2;29;154;238m▂[38;2;28;143;221m▃[38;2;27;138;213m▅[38;2;23;112;173m▇[0m[38;2;9;16;24m [0m
[?25h